%YAML:1.0
calibration_time: "05/25/17 18:00:37"
nframes: 28
image_width: 640
image_height: 480
board_width: 9
board_height: 6
square_size: 2.
# flags: +fix_principal_point
flags: 4
camera_matrix: !!opencv-matrix
   rows: 3
   cols: 3
   dt: d
   data: [ 1.0086424126959092e+003, 0., 3.1950000000000000e+002, 0.,
       1.0047882620303453e+003, 2.3950000000000000e+002, 0., 0., 1. ]
distortion_coefficients: !!opencv-matrix
   rows: 5
   cols: 1
   dt: d
   data: [ -5.5345145301028986e-001, 1.9516395184802939e+000,
       -7.5286275220517746e-003, -1.1504048580847125e-002,
       -8.7011378565604698e+000 ]
avg_reprojection_error: 2.8920231424467785e-001
per_view_reprojection_errors: !!opencv-matrix
   rows: 28
   cols: 1
   dt: f
   data: [ 2.72558331e-001, 2.52486140e-001, 2.74699420e-001,
       2.97559261e-001, 2.80425161e-001, 2.85530657e-001,
       2.68875420e-001, 2.76782423e-001, 3.01326960e-001,
       3.33371937e-001, 3.16945672e-001, 2.85362720e-001,
       2.67711937e-001, 2.94693321e-001, 2.36476168e-001,
       2.66359150e-001, 2.59401590e-001, 2.73460686e-001,
       2.67163217e-001, 2.94464171e-001, 3.18906635e-001,
       3.01169336e-001, 3.12566131e-001, 3.10106158e-001,
       3.14403087e-001, 3.10135990e-001, 2.71456391e-001,
       3.26202124e-001 ]
# a set of 6-tuples (rotation vector + translation vector) for each view
extrinsic_parameters: !!opencv-matrix
   rows: 28
   cols: 6
   dt: d
   data: [ 1.2406939960518681e-004, -1.0906528665461396e-002,
       4.0718779959095557e-002, -1.8690914994862169e+000,
       -6.2077251529677446e-001, 4.9514068021698343e+001,
       -1.2677667245778720e-002, 1.4799743878881354e-002,
       5.9777883296989430e-002, -1.2175342689387215e+001,
       -2.6427288102682129e+000, 4.9971943704534404e+001,
       -1.0634267649111764e-002, 1.3402379786367973e-002,
       1.7691927537191100e-002, -1.1941117095071798e+001,
       -6.6880292316322454e-001, 4.9923422032807053e+001,
       -7.0927280030783401e-003, -1.4649095633878411e-003,
       -2.4427424419151706e-003, -8.4029615517747516e+000,
       -7.8286360139166311e-001, 4.9708023210104045e+001,
       2.6087430733983301e-003, -8.1387118589893344e-003,
       1.4056192137479932e-002, -4.6439650437645144e+000,
       -6.1699382611945919e-001, 4.9537213106660246e+001,
       -7.4983909103160246e-003, 1.4392315324841266e-002,
       1.5459015964358965e-003, -1.2527561366486966e+001,
       -1.8224080273758025e-001, 4.9935739893870398e+001,
       -1.5731704685813291e-002, 2.0918880458679078e-002,
       5.9568612186892749e-003, -1.3575351729873448e+001,
       -2.0973021372937426e+000, 5.0062318177370706e+001,
       -9.2033704675199262e-003, 1.7251205260192335e-002,
       -4.8763664995077382e-003, -1.2957608863852174e+001,
       -2.4938782613580179e-001, 4.9978397210384635e+001,
       -2.1144302040554144e-002, 8.0961315204338170e-003,
       -1.9927958962032410e-001, -1.1677926677964816e+001,
       -2.5453951544322689e-001, 4.9913043688141713e+001,
       -2.0213825889440387e-002, 6.9879669303077154e-003,
       -1.7219506245551422e-001, -7.9449903470493162e+000,
       -6.7943880996113784e+000, 4.9882139023863232e+001,
       -1.6539611012422822e-002, -5.1320256666777886e-003,
       1.5989120603584520e-003, -1.5521444522459307e+000,
       -9.4610605115349760e+000, 4.9773816336023316e+001,
       -3.3770620744573140e-002, 3.2246340731328912e-002,
       2.0364152458753143e-002, -1.3550827308735018e+001,
       -9.9187966666479568e+000, 5.0285147826898140e+001,
       -2.4703647993979071e-002, 1.6929849048416726e-002,
       3.5285539185045803e-002, -1.2035113924436013e+001,
       -5.4657633377464299e+000, 5.0064055347402856e+001,
       -3.3313033265512194e-002, 3.0544858492717226e-002,
       3.0620631190629067e-002, -1.3347402171218979e+001,
       -1.0063801043727338e+001, 5.0284003904358549e+001,
       -1.9695998507169018e-002, 1.5484317896008071e-002,
       2.4032370875279502e-001, -1.0279598578404025e+001,
       -8.7208939496759204e+000, 5.0040731261352867e+001,
       -1.3985364292413668e-002, 2.1345302954459595e-002,
       -3.0868204848928632e-002, -1.3697386400774480e+001,
       -1.2030210607706815e+000, 5.0056186170710511e+001,
       -1.2338032161276265e-002, 2.1392926923541170e-002,
       -4.9845083575154749e-002, -1.4076778929852317e+001,
       3.4225345010291042e-001, 5.0058167017904985e+001,
       -9.4886815051684471e-004, -5.4941047933142074e-003,
       -3.2620469428173718e-002, -6.4200697583803956e+000,
       -1.0343597513109616e-001, 4.9597605392840997e+001,
       5.2882273651465826e-004, -9.8064396101891684e-003,
       7.9218839665056565e-002, -1.8012129807091546e+000,
       -8.5435371155382311e-001, 4.9522096907021499e+001,
       -3.6952941166336888e-003, -7.6114762407663520e-003,
       -2.0806701383824719e-002, -2.4459000977082881e+000,
       -4.4319949580850651e+000, 4.9592488320522392e+001,
       -7.1035790095532302e-003, -3.6133800919952641e-003,
       -1.1731587251126678e-002, -4.2373651471574503e+000,
       -6.4387156731520703e+000, 4.9686616492472098e+001,
       -2.9949089528997011e-002, 1.9216820495653434e-002,
       7.3396196613896483e-003, -1.1412158521392733e+001,
       -8.6390587499003431e+000, 5.0119146105745237e+001,
       -3.2835883978972941e-002, 2.9898342998979817e-002,
       2.5129650970687990e-003, -1.3299060552982214e+001,
       -9.3135587462476757e+000, 5.0246006015883218e+001,
       -1.9920218304917272e-002, 5.3917105134423451e-003,
       -2.1987612094996684e-002, -5.9916045537824330e+000,
       -9.1507365961161042e+000, 4.9885893112615271e+001,
       -1.5476904177725074e-002, -5.7972445060968346e-003,
       -2.6726817800751750e-002, -1.8742111598055939e+000,
       -9.2389000802834857e+000, 4.9755600674631005e+001,
       -9.9557481508718570e-003, -7.7699769250981739e-003,
       -1.2378661455469269e-002, -1.7049789555697110e+000,
       -6.3344651952851105e+000, 4.9657281758188780e+001,
       2.7425985050214211e-003, -1.2747201055122561e-002,
       -6.0862826923863821e-002, -2.7566551739332366e+000,
       -1.2127112377618687e+000, 4.9477347595045174e+001,
       -1.8768856841178596e-002, 5.2841489498762113e-003,
       -1.1212376403853155e-001, -7.7706798366435121e+000,
       -7.0496545521613889e+000, 4.9859984218781619e+001 ]
